[Debug]
Pos=60,60
Size=400,400
Collapsed=0
FontGlobalScale=1.000000

[Settings]
Pos=63,30
Size=338,376
Collapsed=0
FontGlobalScale=1.000000

