[Debug]
Pos=60,60
Size=400,400
Collapsed=0
FontGlobalScale=1.000000

[Settings]
Pos=114,23
Size=266,290
Collapsed=0
FontGlobalScale=1.000000

