[Debug]
Pos=60,60
Size=400,400
Collapsed=0
FontGlobalScale=1.000000

[Settings]
Pos=84,115
Size=312,317
Collapsed=0
FontGlobalScale=1.000000

