[Debug]
Pos=60,60
Size=400,400
Collapsed=0
FontGlobalScale=1.000000

[Settings]
Pos=-174,76
Size=288,338
Collapsed=0
FontGlobalScale=1.000000

